path_to_goal: ['Up', 'Left', 'Left']
cost_of_path: 3
nodes_expanded: 181437
search_depth: 3
max_search_depth: 66126
running_time: 1.9599158763885498
max_ram_usage: 0.2028961181640625
